C (ms)
-----------------------------------------------------
C-O0

1024
9977.00
7506.00
8717.00
6924.00
11277.00

2048

4096

8192

-----------------------------------------------------
C-O1

1024
3909.00
3909.00
4691.00
5171.00
5418.00

2048

4096

8192

-----------------------------------------------------
C-O2

1024
5095.00
4606.00
4314.00
4318.00
5005.00

2048

4096

8192

-----------------------------------------------------
C-O3

1024
5652.00
4591.00
4440.00
4769.00
4488.00

2048

4096

8192